 0;M;1;-1.0;-1.0;352,0;3
I/System.out: file contents:
    0;M;13;-1.0;-1.0;162,4,5;0
    file contents:
    1234;F;35;-1.0;-1.0;88,59,111;38
    file contents:
    50;F;1543;-1.0;-1.0;105,2,383,59,9;112
    file contents:
    1234;F;33;-1.0;-1.0;398,74;126
    file contents:
    1234;M;35;-1.0;-1.0;136,279,18,2;38
    file contents:
    1234;M;35;-1.0;-1.0;141,453;20
I/System.out: file contents:
    test0;M;1;-1.0;-1.0;352,0;3

0;M;1;-1.0;-1.0;352,0;3
I/System.out: file contents:
    168;M;26;-1.0;-1.0;136,74,16;74
    file contents:
    1234;M;35;-1.0;-1.0;336,59,445,111,527;104
    file contents:
    1234;F;28;-1.0;-1.0;366,136;84
    file contents:
    -1;M;70;1.82;80.0;249;62
    file contents:
    -1;F;71;1.6;75.0;445,88,336,141,39;41
    file contents:
I/System.out: -1;F;86;1.56;78.0;100,145,445,4,1;0
    file contents:
    4;F;62;1.75;76.0;247,397,12,13;1
    file contents:
    5;M;36;1.85;80.0;8,210,105,6,7;0
    file contents:
    6;M;56;1.7;80.0;1,41,420,60,0,9,7;3
    file contents:
    test0;M;1;-1.0;-1.0;352,0;3

0;M;1;-1.0;-1.0;352,0;3
I/System.out: file contents:
    0;M;30;-1.0;90.0;136,420,9,341,494,88;107
    file contents:
    2;F;35;170.0;75.0;366;115
    file contents:
    5520;F;49;-1.0;65.0;358,2,105,6,16,3;5
    file contents:
    1257;M;60;-1.0;70.0;145,142,476,249,141,5;20
I/System.out: file contents:
    5234;F;55;-1.0;65.0;43,527,141,74;55
    file contents:
    5235;F;55;-1.0;65.0;145,420,358,524,1;131
    file contents:
    5931;F;60;-1.0;66.0;88,231,59;148
    file contents:
    3214;F;66;-1.0;60.0;145,420,358,110,430;132
    file contents:
    3697;M;44;-1.0;77.0;249;8
    file contents:
    6066;M;40;-1.0;70.0;524,10,388,0,139,0;3
    file contents:
    2435;F;24;-1.0;50.0;138,60,1;144
    file contents:
    2435;F;24;-1.0;50.0;138,60,145,1;144
    file contents:
    3321;F;33;-1.0;65.0;0,60,142,424,1,7,10;32
    file contents:
    698;F;40;-1.0;60.0;65,68,16,2;40
    file contents:
    698;F;40;-1.0;60.0;65,68,16,2;40
    file contents:
    12;M;30;-1.0;70.0;105,210,8,2;0
    file contents:
    13;M;40;-1.0;65.0;12,13,59,110;1
    file contents:
    334;F;38;-1.0;60.0;210,105;162
    file contents:
I/System.out: 35;F;50;-1.0;65.0;8,420,105,145;64
    file contents:
    63;F;35;-1.0;70.0;105,273,43,43,193;126
    file contents:
    66;M;30;-1.0;69.0;43,366,145,508,18,363;112
    file contents:
    35;F;40;-1.0;50.0;473,120,0;50
    file contents:
    66;M;50;-1.0;60.0;136,524,367,308,162,120,76;138
    file contents:
    69;M;30;-1.0;50.0;145,366,524,187,54;114
    file contents:
    69;F;35;-1.0;55.0;8,536,430,145,7;132
    file contents:
    65;M;32;-1.0;65.0;60,8,42,53,0,43,1;6
    file contents:
    96;M;40;-1.0;77.0;45,344,43,49,1;126
    file contents:
    68;F;36;-1.0;49.0;145,121,120,279;119
    file contents:
    98;F;60;-1.0;60.0;116,6,5,110;42
    file contents:
    67;F;25;-1.0;60.0;358,110,65,16;5
    file contents:
I/System.out: 65;M;38;-1.0;50.0;43,358,110,27,42,1;114
    file contents:
    36;F;35;-1.0;60.0;90,43,128;55
    file contents:
    55;M;30;-1.0;70.0;43,508,163,59;112
    file contents:
    56;F;25;-1.0;50.0;76,136,12,43;9
    file contents:
    57;M;15;-1.0;35.0;101,43,580;92
    file contents:
    58;F;55;-1.0;60.0;54,145,406;54
    file contents:
    59;M;45;-1.0;65.0;43,54,367,145,536,406,18,363,47;69
    file contents:
    69;F;39;-1.0;65.0;106,8,105,0;144
    file contents:
    70;F;12;-1.0;30.0;532,503,43;63
    file contents:
    71;M;45;-1.0;69.0;43,450,279,18,74;102
    file contents:
    72;M;49;-1.0;69.0;101,451,43;92
I/System.out: file contents:
    73;M;50;-1.0;68.0;101,76,250,82;35
    file contents:
    74;F;35;-1.0;68.0;358,43,151,110,16;113
    file contents:
    75;M;40;-1.0;70.0;18,0,41,2,1,7;3
    file contents:
    76;M;36;-1.0;68.0;366,43,121,279;115
    file contents:
    77;M;30;-1.0;49.0;366,121,279,43,242;16
    file contents:
    77;F;36;-1.0;69.0;180,8,380;31
    file contents:
    78;M;40;-1.0;69.0;210,105,2;103
    file contents:
    79;F;25;-1.0;60.0;105,110,43,358,59;103
    file contents:
    79;M;60;-1.0;49.0;145,120,136,367,1;138
    file contents:
    81;M;30;-1.0;69.0;524,43,59,145,536;104
    file contents:
    82;M;36;-1.0;68.0;46,45,43,54,42,1;39
I/System.out: file contents:
    84;M;44;-1.0;65.0;232,82,309,76,43;35
    file contents:
    85;F;35;-1.0;65.0;43,76,18,74;92
    file contents:
    86;F;55;-1.0;60.0;59,476,436,383,66;134
    file contents:
    87;F;29;-1.0;65.0;352,279,367;107
    file contents:
    88;M;30;-1.0;69.0;420,572,358,7,2;132
    file contents:
    89;M;40;-1.0;60.0;420,8,358,28,7,2;64
    file contents:
    89;F;49;-1.0;60.0;476,358,7;1
    file contents:
    89;F;49;-1.0;60.0;476,358,7;1
    file contents:
    81;F;40;-1.0;60.0;14,424,7,8,1;3
    file contents:
    82;F;39;-1.0;70.0;0,42,60,7,8,1;6
    file contents:
    83;M;39;-1.0;50.0;42,43,1,58,41;39
    file contents:
    84;M;30;-1.0;50.0;58,43,120,49,45,0;114
    file contents:
    85;F;10;-1.0;25.0;43,260,42,49;117
    file contents:
    86;M;69;-1.0;60.0;43,136,524,18,363,2,59;122
    file contents:
I/System.out: 87;M;60;-1.0;60.0;43,120,145,42,0;16
    file contents:
    88;M;30;-1.0;50.0;136,145,524,18,43,99;16
    file contents:
    89;F;50;-1.0;60.0;8,476,2,1,7;1
    file contents:
    90;F;40;-1.0;60.0;101,136,260;36
    file contents:
    91;F;40;-1.0;60.0;366,76,43;26
    file contents:
    92;M;40;-1.0;60.0;453,279;102
    file contents:
    93;M;36;-1.0;69.0;352,279,43;43
    file contents:
    94;F;36;-1.0;60.0;43,352,5,18,121,99,9;92
    file contents:
    94;M;30;-1.0;69.0;43,366,279,18,363,47;121
    file contents:
    95;M;60;-1.0;69.0;366,135,279;107
I/System.out: file contents:
    95;M;60;-1.0;69.0;366,135,279;107
    file contents:
    96;M;50;-1.0;69.0;524,367,43,279;119
    file contents:
    96;M;50;-1.0;69.0;524,367,43,279;119
    file contents:
    97;M;25;-1.0;69.0;43,136,279,18;107
    file contents:
    97;M;25;-1.0;69.0;43,136,279,18;107
    file contents:
    98;M;40;-1.0;60.0;45,260,19;6
    file contents:
    99;M;36;-1.0;60.0;54,45,43,1,0;39
    file contents:
    1;M;60;-1.0;69.0;361,43;111
    file contents:
    2;F;50;-1.0;60.0;105,5,358,2;0
    file contents:
    3;F;45;-1.0;60.0;106,2,5,0,8;133
    file contents:
    4;F;45;-1.0;60.0;5,358,2;42
    file contents:
    4;F;45;-1.0;60.0;5,358,2;42
    file contents:
    5;F;40;-1.0;60.0;231,5,6;42
I/System.out: file contents:
    6;F;36;-1.0;60.0;6,43,0,2;133
    file contents:
    7;M;40;-1.0;60.0;358,8,5;132
    file contents:
    8;M;39;-1.0;67.0;495,180,420;31
    file contents:
    8;M;39;-1.0;67.0;495,180,420;31
    file contents:
    9;F;36;-1.0;50.0;524,145,242;144
    file contents:
    10;F;22;-1.0;40.0;366,43,116,0;84
    file contents:
    11;F;39;-1.0;60.0;46,42,43,45,0,7;10
    file contents:
    12;M;39;-1.0;60.0;43,42,54,536,0;114
    file contents:
    13;M;40;-1.0;55.0;42,5,8,43,49,0,1;133
    file contents:
    14;M;34;-1.0;74.0;8,424,1,2,3;0
    file contents:
    15;F;38;-1.0;60.0;191,18,43,52,49;100
    file contents:
    16;F;39;-1.0;60.0;279,492,280;144
    file contents:
    17;F;39;-1.0;60.0;279,420,492,280;86
    file contents:
    17;F;39;-1.0;60.0;279,420,492,280;86
    file contents:
    18;F;40;-1.0;69.0;54,289,1,0;96
    file contents:
    19;F;38;-1.0;60.0;45,43,242,49,1,0;39
    file contents:
    19;F;38;-1.0;60.0;45,43,242,49,1,0;39
    file contents:
    20;M;44;-1.0;69.0;2,1,18;1
    file contents:
I/System.out: 21;M;49;-1.0;69.0;420,25,492;109
    file contents:
    21;M;39;-1.0;50.0;367,120,492,27;138
    file contents:
    21;M;39;-1.0;50.0;367,120,492,27;138
    file contents:
    22;F;44;-1.0;60.0;162,43,1;84
    file contents:
    23;F;44;-1.0;50.0;162,136,120,367;138
    file contents:
    23;F;44;-1.0;50.0;162,136,120,367;138
    file contents:
    24;M;39;-1.0;68.0;527,43;55
    file contents:
    25;F;28;-1.0;80.0;420,1;31
    file contents:
    26;F;33;-1.0;60.0;145,135,366;107
    file contents:
    27;M;33;-1.0;69.0;151,289,105;113
    file contents:
    27;M;33;-1.0;69.0;151,289,105;113
    file contents:
    28;F;30;-1.0;60.0;43,387,18,363;121
    file contents:
    29;F;28;-1.0;55.0;406,120;132
    file contents:
    30;F;36;-1.0;60.0;191,43,52,1;59
    file contents:
    31;M;25;-1.0;68.0;2,145,420,18;86
    file contents:
    32;M;35;-1.0;65.0;59,43,145,1;104
    file contents:
    32;M;35;-1.0;65.0;59,43,145,1;104
    file contents:
    33;F;44;-1.0;60.0;502,2,21;51
    file contents:
    24;F;39;-1.0;60.0;530,18,476;1
    file contents:
I/System.out: 24;F;39;-1.0;60.0;530,18,476;1
    file contents:
    24;F;39;-1.0;60.0;530,18,476;1
    file contents:
    34;M;47;-1.0;60.0;58,43,492,49,45,0;114
    file contents:
    34;M;47;-1.0;60.0;58,43,492,49,45,0;114
    file contents:
    test0;M;1;-1.0;-1.0;352,0;3

0;M;1;-1.0;-1.0;352,0;3
I/System.out: file contents:
    999;M;99;-1.0;-1.0;366,136,162;151
    file contents:
    1;M;45;1.6;85.0;12;1
    file contents:
    2;F;35;1.5;60.0;113,494,456;14
    file contents:
    3;M;40;1.6;55.0;120,421,559,32,121,59,7;132
    file contents:
    5;M;36;1.6;80.0;90,59,43;38
    file contents:
    5;M;36;1.6;80.0;90,59,43;38
    file contents:
    test0;M;1;-1.0;-1.0;352,0;3